1791360562 1497956352
1791360567 2538553344
1791360572 4638695424
1791360577 11795439616
1791360582 24619388928
1791360587 37580619776
1791360592 48000593920
1791360597 48714096640
1791360602 48742223872
1791360608 48752803840
1791360613 48762609664
1791360618 48767766528
1791360623 48767995904
1791360628 48775475200
1791360633 48778571776
1791360638 48780378112
1791360643 48783962112
1791360648 48786284544
1791360653 48791187456
1791360658 48792477696
1791360663 48794025984
1791360668 48797630464
1791360673 48799178752
1791360678 48801501184
1791360683 48807342080
1791360689 48809263104
1791360694 48809775104
1791360699 48810291200
1791360704 48860090368
1791360709 48942923776
1791360714 48951603200
1791360719 48947961856
1791360724 48948736000
1791360729 48949768192
1791360734 48952311808
1791360739 48953085952
1791360744 48951042048
1791360749 48951558144
1791360754 48953753600
1791360759 48953753600
1791360764 48957030400
1791360770 48958320640
1791360775 48960688128
1791360780 48962236416
1791360785 48961257472
1791360790 48959721472
1791360795 48958169088
1791360800 48956026880
1791360805 48955076608
1791360810 48955592704
1791360815 48953577472
1791360820 48955383808
1791360825 48955518976
1791360830 48997064704
1791360835 48997982208
1791360840 48998498304
1791360845 49001480192
1791360851 49002246144
1791360856 49003880448
1791360861 49004883968
1791360866 49002582016
1791360871 49003094016
1791360876 49002369024
1791360881 49003130880
1791360886 49003638784
1791360891 49004670976
1791360896 49007038464
1791360901 49007038464
1791360906 49005572096
1791360911 49006858240
1791360916 49005367296
1791360921 49005621248
1791360926 49008025600
1791360932 49008742400
1791360937 49010442240
1791360942 49010442240
1791360947 49018322944
1791360952 49039220736
1791360957 49037811712
1791360962 49038843904
1791360967 49041149952
1791360972 49039118336
1791360977 49042440192
1791360982 49043210240
1791360987 49041125376
1791360992 49041125376
1791360997 49039757312
1791361002 49045688320
1791361007 49044357120
1791361013 49044357120
1791361018 49046028288
1791361023 49046282240
1791361028 49048518656
1791361033 49049288704
1791361038 49050701824
1791361043 49050959872
1791361048 49049542656
1791361053 49049800704
1791361058 49053032448
1791361063 49053290496
1791361068 49060032512
1791361073 49072058368
1791361078 49070919680
1791361083 49071431680
1791361088 49068625920
1791361093 49069142016
1791361099 49071341568
1791361104 49071853568
1791361109 49074753536
1791361114 49074708480
1791361119 49076477952
1791361124 49076473856
1791361129 49075171328
1791361134 49075941376
1791361139 49079336960
1791361144 49079853056
1791361149 49082773504
1791361154 49079078912
1791361159 49079590912
1791361164 49080754176
1791361169 49081266176
1791361174 49083330560
1791361180 49083842560
1791361185 49080614912
1791361190 49089024000
1791361195 49091616768
1791361200 49091616768
1791361205 49090146304
1791361210 49090506752
1791361215 49092558848
1791361220 49092816896
1791361225 49092059136
1791361230 49092698112
1791361235 49094017024
1791361240 49094782976
1791361245 49088327680
1791361250 49087770624
1791361255 49089368064
1791361260 49090392064
1791361266 49097891840
1791361271 49095086080
1791361276 49093578752
1791361281 49094610944
1791361286 49095610368
1791361291 49097097216
1791361296 49090101248
1791361301 49090355200
1791361306 49095892992
1791361311 49103884288
1791361316 49103302656
1791361321 49103552512
1791361326 49104949248
1791361331 49105715200
1791361336 49103568896
1791361341 49104154624
1791361347 49104072704
1791361352 49104330752
1791361357 49105608704
1791361362 49106378752
1791361367 49104695296
1791361372 49105465344
1791361377 49105600512
1791361382 49104072704
1791361387 49108312064
1791361392 49105256448
1791361397 49103405056
1791361402 49103663104
1791361407 49106886656
1791361412 49107144704
1791361417 49105629184
1791361422 49107689472
1791361427 49113518080
1791361433 49114550272
1791361438 49112932352
1791361443 49112932352
1791361448 49112297472
1791361453 49112555520
1791361458 49113812992
1791361463 49113812992
1791361468 49116622848
1791361473 49116622848
1791361478 49113714688
1791361483 49114738688
1791361488 49114718208
1791361493 49115230208
1791361498 49117065216
1791361503 49117065216
1791361508 49114361856
1791361514 49111539712
1791361519 49113473024
1791361524 49114705920
1791361529 49113071616
1791361534 49113059328
1791361539 49117990912
1791361544 49121300480
1791361549 49124642816
1791361554 49142231040
1791361559 49130045440
1791361564 49131601920
1791361569 49135087616
1791361574 49136574464
1791361579 49136472064
1791361584 49136095232
1791361589 49136095232
1791361595 49143013376
1791361600 49139720192
1791361605 49141698560
1791361610 49142390784
1791361615 49144365056
1791361620 49144623104
1791361625 49146224640
1791361630 49146482688
1791361635 49144946688
1791361640 49145204736
1791361645 49146589184
1791361650 49146847232
1791361655 49146875904
1791361660 49146875904
1791361665 49149485056
1791361670 49149739008
1791361676 49151422464
1791361681 49151422464
1791361686 49153122304
1791361691 49154150400
1791361696 49152065536
1791361701 49147006976
1791361706 49145819136
1791361711 49146077184
1791361716 49144967168
1791361721 49144967168
1791361726 49147990016
1791361731 49148248064
1791361736 49150427136
1791361741 49150427136
1791361746 49150545920
1791361751 49151053824
1791361757 49151680512
1791361762 49151680512
1791361767 49154908160
1791361772 49155166208
1791361777 49156042752
1791361782 49154043904
1791361787 49155137536
1791361792 49155137536
1791361797 49151610880
1791361802 49152380928
1791361807 49154158592
1791361812 49154924544
1791361817 49152684032
1791361822 49153331200
1791361827 49154519040
1791361832 49155035136
1791361838 49158266880
1791361843 49158782976
1791361848 49157885952
1791361853 49158144000
1791361858 49157373952
1791361863 49155575808
1791361868 49154150400
1791361873 49155956736
1791361878 49156173824
1791361883 49155960832
1791361888 49157472256
1791361893 49157730304
1791361898 49161244672
1791361903 49162018816
1791361908 49163071488
1791361913 49163325440
1791361919 49162330112
1791361924 49162076160
1791361929 49163255808
1791361934 49161392128
1791361939 49164193792
1791361944 49164451840
1791361949 49166426112
1791361954 49162862592
1791361959 49164664832
1791361964 49161588736
1791361969 49165713408
1791361974 49165971456
1791361979 49163649024
1791361984 49160577024
1791361989 49155551232
1791361994 49156317184
1791362000 49158623232
1791362005 49158619136
1791362010 49160810496
1791362015 49161326592
1791362020 49162153984
1791362025 49163657216
1791362030 49163972608
1791362035 49164226560
1791362040 49164226560
1791362045 49164853248
1791362050 49165873152
1791362055 49165635584
1791362060 49165635584
1791362065 49166860288
1791362070 49167118336
1791362075 49165283328
1791362080 49165799424
1791362086 49164611584
1791362091 49165799424
1791362096 49169371136
1791362101 49169887232
1791362106 49172717568
1791362111 49172975616
1791362116 49174077440
1791362121 49174077440
1791362126 49172242432
1791362131 49176309760
1791362136 49180352512
1791362141 49180868608
1791362146 49181114368
1791362151 49181372416
1791362156 49182236672
1791362162 49184751616
1791362167 49177489408
1791362172 49177489408
1791362177 49179586560
1791362182 49179815936
1791362187 49178411008
1791362192 49178411008
1791362197 49177239552
1791362202 49177497600
1791362207 49181106176
1791362212 49181364224
1791362217 49182408704
1791362222 49182408704
1791362227 49183895552
1791362232 49184153600
1791362237 49185964032
1791362242 49186222080
1791362248 49193197568
1791362253 49189838848
1791362258 49188081664
1791362263 49189576704
1791362268 49192275968
1791362273 49193041920
1791362278 49195540480
1791362283 49195794432
1791362288 49194119168
1791362293 49186861056
1791362298 49188323328
1791362303 49188577280
1791362308 49188339712
1791362313 49188339712
1791362318 49190625280
1791362323 49191657472
1791362329 49195364352
1791362334 49196134400
1791362339 49199099904
1791362344 49199095808
1791362349 49202044928
1791362354 49202044928
1791362359 49196318720
1791362364 49197350912
1791362369 49199599616
1791362374 49199599616
1791362379 49200721920
1791362384 49201225728
1791362389 49201471488
1791362394 49201725440
1791362399 49196081152
1791362404 49196081152
1791362409 49199362048
1791362415 49199878144
1791362420 49197576192
1791362425 49199370240
1791362430 49202126848
1791362435 49200398336
1791362440 49202167808
1791362445 49203556352
1791362450 49192337408
1791362455 49192591360
1791362460 49193005056
1791362465 49193517056
1791362470 49192787968
1791362475 49194070016
1791362480 49194528768
1791362485 49196122112
1791362490 49196380160
1791362496 49197969408
1791362501 49198223360
1791362506 49196101632
1791362511 49197125632
1791362516 49196298240
1791362521 49196298240
1791362526 49196212224
1791362531 49196982272
1791362536 49197821952
1791362541 49198592000
1791362546 49197486080
1791362551 49197621248
1791362556 49194885120
1791362561 49194668032
1791362566 49194524672
1791362571 49194782720
1791362577 49194774528
1791362582 49195032576
1791362587 49196122112
1791362592 49194987520
1791362597 49199632384
1791362602 49200144384
1791362607 49201725440
1791362612 49202241536
1791362617 49203937280
1791362622 49204957184
1791362627 49204162560
1791362632 49204420608
1791362637 49204137984
1791362642 49204445184
1791362647 49207590912
1791362652 49207590912
1791362658 49208524800
1791362663 49205223424
1791362668 49202130944
1791362673 49202388992
1791362678 49205682176
1791362683 49207218176
1791362688 49209372672
1791362693 49209618432
1791362698 49211240448
1791362703 49211756544
1791362708 49209450496
1791362713 49213767680
1791362718 49215447040
1791362723 49215447040
1791362728 49219026944
1791362733 49209786368
1791362739 49210875904
1791362744 49211133952
1791362749 49210982400
1791362754 49211240448
1791362759 49213812736
1791362764 49213812736
1791362769 49214844928
1791362774 49215356928
1791362779 49215221760
1791362784 49215057920
1791362789 49210429440
1791362794 49210908672
1791362799 49210040320
1791362804 49206599680
1791362809 49211285504
1791362814 49211539456
1791362820 49213075456
1791362825 49213333504
1791362830 49217081344
1791362835 49213460480
1791362840 49215991808
1791362845 49215991808
1791362850 49217687552
1791362855 49218191360
1791362860 49217691648
1791362865 49218142208
1791362870 49215135744
1791362875 49215393792
1791362880 49218838528
1791362885 49219350528
1791362890 49220472832
1791362895 49220726784
1791362901 49221820416
1791362906 49222332416
1791362911 49224949760
1791362916 49225162752
1791362921 49227493376
1791362926 49227997184
1791362931 49228226560
1791362936 49222782976
1791362941 49223290880
1791362946 49225682944
1791362951 49226194944
1791362956 49226489856
1791362961 49226489856
1791362966 49223688192
1791362971 49224712192
1791362976 49226223616
1791362981 49226731520
1791362987 49228599296
1791362992 49224056832
1791362997 49221914624
1791363002 49220825088
1791363007 49218555904
1791363012 49219059712
1791363017 49214472192
1791363022 49215213568
1791363027 49215401984
1791363032 49216176128
1791363037 49216704512
1791363042 49217470464
1791363047 49214398464
1791363052 49214914560
1791363057 49215782912
1791363062 49217585152
1791363068 49219031040
1791363073 49219031040
1791363078 49218039808
1791363083 49218527232
1791363088 49218273280
1791363093 49218867200
1791363098 49219473408
1791363103 49220755456
1791363108 49219510272
1791363113 49220022272
1791363118 49220952064
1791363123 49221468160
1791363128 49220599808
1791363133 49220853760
1791363138 49221726208
1791363143 49221980160
1791363149 49224183808
1791363154 49224183808
1791363159 49223573504
1791363164 49223831552
1791363169 49226203136
1791363174 49228779520
1791363179 49227780096
1791363184 49223757824
1791363189 49221644288
1791363194 49222414336
1791363199 49221607424
1791363204 49221607424
1791363209 49221332992
1791363214 49221332992
1791363219 49221136384
1791363224 49221050368
1791363230 49221120000
1791363235 49221378048
1791363240 49220288512
1791363245 49220599808
1791363250 49221644288
1791363255 49221898240
1791363260 49223225344
1791363265 49223454720
1791363270 49224990720
1791363275 49226510336
1791363280 49230774272
1791363285 49233035264
1791363290 49229324288
1791363295 49229574144
1791363300 49230782464
1791363305 49231036416
1791363311 49230249984
1791363316 49230766080
1791363321 49232973824
1791363326 49232924672
1791363331 49235509248
1791363336 49235976192
1791363341 49233817600
1791363346 49233809408
1791363351 49236656128
1791363356 49236611072
1791363361 49234112512
1791363366 49234366464
1791363371 49234874368
1791363376 49237852160
1791363381 49234714624
1791363386 49234227200
1791363391 49234227200
1791363397 49233735680
1791363402 49234247680
1791363407 49234276352
1791363412 49234534400
1791363417 49237270528
1791363422 49237270528
1791363427 49239212032
1791363432 49240240128
1791363437 49234911232
1791363442 49235427328
1791363447 49235173376
1791363452 49231208448
1791363457 49233031168
1791363462 49233776640
1791363467 49231237120
1791363472 49230979072
1791363477 49230471168
1791363483 49230336000
1791363488 49232068608
1791363493 49232576512
1791363498 49234333696
1791363503 49234333696
1791363508 49233018880
1791363513 49233924096
1791363518 49237164032
1791363523 49237417984
1791363528 49235480576
1791363533 49236508672
1791363538 49240276992
1791363543 49240793088
1791363548 49238941696
1791363553 49238941696
1791363558 49239031808
1791363564 49239838720
1791363569 49239625728
1791363574 49235476480
1791363579 49234006016
1791363584 49234911232
1791363589 49230548992
1791363594 49230807040
1791363599 49230086144
1791363604 49230856192
1791363609 49232687104
1791363614 49232683008
1791363619 49230381056
1791363624 49230893056
1791363629 49230684160
1791363634 49231056896
1791363639 49235595264
1791363644 49236365312
1791363650 49233575936
1791363655 49233575936
1791363660 49235263488
1791363665 49235263488
1791363670 49232207872
1791363675 49232711680
1791363680 49234571264
1791363685 49234907136
1791363690 49235488768
1791363695 49235488768
1791363700 49235968000
1791363705 49237250048
1791363710 49238777856
1791363715 49238777856
1791363720 49238777856
1791363725 49238777856
1791363731 49240018944
1791363736 49240793088
1791363741 49243414528
1791363746 49243885568
1791363751 49246400512
1791363756 49246355456
1791363761 49245728768
1791363766 49243201536
1791363771 49243791360
1791363776 49244037120
1791363781 49244643328
1791363786 49244901376
1791363791 49241837568
1791363796 49243095040
1791363801 49243320320
1791363806 49241886720
1791363812 49242144768
1791363817 49245376512
1791363822 49245376512
1791363827 49241251840
1791363832 49241505792
1791363837 49238192128
1791363842 49240985600
1791363847 49247543296
1791363852 49248571392
1791363857 49249460224
1791363862 49247985664
1791363867 49250463744
1791363872 49250721792
1791363877 49253904384
1791363882 49254162432
1791363887 49254256640
1791363892 49254772736
1791363898 49253048320
1791363903 49253306368
1791363908 49255071744
1791363913 49255841792
1791363918 49256865792
1791363923 49256861696
1791363928 49256853504
1791363933 49256853504
1791363938 49254334464
1791363943 49255108608
1791363948 49252892672
1791363953 49253150720
1791363958 49249222656
1791363963 49249865728
1791363968 49253224448
1791363973 49250775040
1791363978 49251307520
1791363984 49248477184
1791363989 49251889152
1791363994 49251889152
1791363999 49251618816
1791364004 49252130816
1791364009 49252253696
1791364014 49253531648
1791364019 49255129088
1791364024 49255129088
1791364029 49255677952
1791364034 49255936000
1791364039 49255673856
1791364044 49255596032
1791364049 49257324544
1791364054 49254006784
1791364059 49253154816
1791364065 49253412864
1791364070 49249529856
1791364075 49646714880
1791364080 49656442880
1791364085 49660203008
1791364090 49659785216
1791364095 49659977728
1791364100 49660182528
1791364105 49661759488
1791364110 49661591552
1791364115 49662472192
1791364120 49653678080
1791364125 49648111616
1791364130 49653821440
1791364135 49653444608
1791364140 49648488448
1791364145 49645539328
1791364150 49645752320
1791364155 49647067136
1791364160 49647079424
1791364165 49647005696
1791364170 49647869952
1791364175 49650966528
1791364180 49652092928
1791364185 49651085312
1791364190 49654501376
1791364195 49655918592
1791364200 49659654144
1791364205 49654841344
1791364210 49654546432
1791364215 49658458112
1791364220 49659133952
1791364225 49657057280
1791364230 49274712064
1791364235 49273241600
1791364240 49274445824
1791364245 49275502592
1791364250 35540131840
1791364255 35550253056
1791364260 35559182336
1791364265 35566972928
1791364270 35570425856
1791364275 35572056064
1791364280 37140635648
1791364285 39807373312
1791364290 42382733312
1791364295 45020512256
1791364300 46390607872
1791364305 46392860672
1791364310 46395543552
1791364315 46398877696
1791364320 46401646592
1791364325 46408585216
1791364330 46401904640
1791364335 46404018176
1791364340 46023184384
1791364345 46023884800
1791364350 46024798208
1791364355 46024982528
1791364360 16177512448
