flop buckets k=32; share of combos per quarter of the buckets, and the mean bucket / k
| class | 0-7 | 8-15 | 16-23 | 24-31 | mean |
|---|---|---|---|---|---|
| AA | 0.00 | 0.00 | 0.00 | 1.00 | 0.93 |
| TT | 0.00 | 0.00 | 0.04 | 0.96 | 0.83 |
| 99 | 0.00 | 0.00 | 0.18 | 0.81 | 0.80 |
| 88 | 0.00 | 0.00 | 0.42 | 0.58 | 0.76 |
| 77 | 0.00 | 0.03 | 0.55 | 0.42 | 0.72 |
| 66 | 0.00 | 0.08 | 0.63 | 0.29 | 0.67 |
| 55 | 0.00 | 0.17 | 0.64 | 0.19 | 0.63 |
| AKo | 0.00 | 0.07 | 0.56 | 0.36 | 0.70 |
| AQo | 0.00 | 0.07 | 0.57 | 0.36 | 0.69 |
| ATo | 0.00 | 0.11 | 0.54 | 0.35 | 0.67 |
| A8o | 0.00 | 0.32 | 0.37 | 0.31 | 0.62 |
| A7o | 0.00 | 0.39 | 0.31 | 0.30 | 0.61 |
| A5o | 0.01 | 0.38 | 0.36 | 0.25 | 0.59 |
| K9o | 0.01 | 0.43 | 0.23 | 0.33 | 0.60 |
| KJo | 0.00 | 0.29 | 0.34 | 0.36 | 0.64 |
| QJo | 0.02 | 0.41 | 0.19 | 0.37 | 0.61 |
| 87s | 0.29 | 0.18 | 0.22 | 0.31 | 0.50 |
| 76s | 0.36 | 0.13 | 0.28 | 0.23 | 0.47 |
| 65s | 0.37 | 0.13 | 0.33 | 0.17 | 0.44 |
| T9s | 0.10 | 0.31 | 0.19 | 0.39 | 0.57 |
| AJs | 0.00 | 0.08 | 0.48 | 0.44 | 0.71 |
