3982.03 1415147520
3984.04 4617891840
3986.05 4646277120
3988.07 4747173888
3990.08 4752584704
3992.09 4758777856
3994.11 4803153920
3996.13 4807282688
3998.15 4809089024
4000.16 4811411456
4002.18 4812951552
4004.20 4824821760
4006.21 4827889664
4008.24 4832260096
4010.25 4830715904
4012.27 4846194688
4014.28 4849549312
4016.30 4871159808
4018.31 5446791168
4020.31 6187941888
4022.31 5469106176
4024.36 5469106176
4026.36 5469364224
4028.36 5470642176
4030.36 5470642176
4032.37 5471154176
4034.37 5471903744
4036.37 5472419840
