4057.23 1405362176
4059.24 2144137216
4061.25 10964590592
4063.27 11000717312
4065.28 11011035136
4067.31 11017744384
4069.32 11024969728
4071.33 11029098496
4073.34 11032444928
4075.35 11140050944
4077.38 11144433664
4079.39 11146498048
4081.42 11148820480
4083.44 11149582336
4085.46 11151630336
4087.48 11151888384
4089.51 11177435136
4091.52 11214077952
4093.53 11216400384
4095.54 11217948672
4097.57 11219210240
4099.58 11221274624
4101.61 11221770240
4103.62 11222028288
4105.65 11254022144
4107.66 11258925056
4109.67 11261247488
4111.69 11261505536
4113.71 11262537728
4115.73 11264339968
4117.74 11265363968
4119.76 11265880064
4121.78 11281362944
4123.79 11281879040
4125.82 11282132992
4127.83 11282391040
4129.85 11282649088
4131.86 11283165184
4133.88 11283419136
4135.90 11285741568
4137.91 11302252544
4139.93 11302510592
4141.95 11303022592
4143.97 11303018496
4145.98 11303276544
4147.99 11303276544
4150.01 11303784448
4152.02 11316170752
4154.05 11319267328
4156.06 11319517184
4158.09 11321552896
4160.10 11318161408
4162.13 11318149120
4164.14 11318407168
4166.15 11318919168
4168.17 11326140416
4170.19 11326398464
4172.21 11327172608
4174.24 11327688704
4176.25 11328720896
4178.26 11329748992
4180.29 11326414848
4182.30 11334008832
4184.31 11334524928
4186.33 11331256320
4188.34 11331256320
4190.35 11331772416
4192.38 11330838528
4194.39 11331354624
4196.42 11333869568
4198.43 11344441344
4200.45 11339628544
4202.46 11341082624
4204.48 11341852672
4206.50 11338817536
4208.51 11339333632
4210.53 11339849728
4212.55 11344654336
4214.56 11345170432
4216.57 11346198528
4218.60 11346972672
4220.62 11344117760
4222.64 11344113664
4224.66 11340275712
4226.68 11342036992
4228.69 11344056320
4230.71 11341234176
4232.72 11341492224
4234.74 11336011776
4236.75 11336757248
4238.76 11337531392
4240.79 11340083200
4242.80 11342659584
4244.83 11339198464
4246.84 11340484608
4248.85 11341516800
4250.87 11339231232
4252.88 11339747328
4254.91 11341553664
4256.92 11341811712
4258.93 11340361728
4260.95 11340849152
4262.96 11341365248
4264.97 11342655488
4266.99 11342913536
4269.02 11344969728
4271.03 11348291584
4273.06 11349721088
4275.07 11351969792
4277.10 11352485888
4279.11 11356856320
4281.13 11358117888
4283.14 11360641024
4285.15 11358785536
4287.18 11366494208
4289.19 11367174144
4291.20 11367174144
4293.23 11368206336
4295.24 11368951808
4297.26 11368951808
4299.29 11370491904
4301.31 11371524096
4303.32 11374841856
4305.34 11375099904
4307.36 11375869952
4309.37 11377147904
4311.38 11377401856
4313.41 11377631232
4315.42 11377889280
4317.42 12027977728
4319.43 12499165184
4321.43 13318082560
4323.43 13906866176
4325.51 13982187520
4327.51 13155426304
4329.51 13154369536
4331.52 13154312192
4333.52 13151756288
4335.52 13153017856
4337.52 13156089856
4339.52 13157085184
4341.53 13152948224
4343.53 13152948224
4345.53 13152878592
4347.53 13153648640
4349.58 13153132544
4351.58 13154164736
4353.58 13154938880
4355.59 13154938880
4357.59 13155708928
4359.59 13155708928
4361.59 13155692544
4363.59 13155692544
4365.60 13155692544
