3923.94 1399717888
3925.95 4618567680
3927.97 4644110336
3929.98 4749127680
3932.00 4754026496
3934.01 4758405120
3936.02 4791951360
3938.04 4794785792
3940.05 4820590592
3942.06 4825235456
3944.07 4828069888
3946.08 4843028480
3948.11 4844572672
3950.13 4851539968
3952.15 4852305920
3954.17 4863401984
3956.19 4865462272
3958.20 4880162816
3960.21 4881453056
3962.24 4881711104
3964.24 6015483904
3966.24 5883912192
3968.24 5498908672
3970.25 5499150336
3972.25 5496754176
3974.25 5497266176
3976.25 5497524224
3978.25 5498040320
3980.26 5498814464
