4367.84 1415413760
4369.84 2153123840
4371.85 10974543872
4373.87 10999316480
4375.88 11009892352
4377.91 11020726272
4379.92 11024338944
4381.93 11029237760
4383.95 11034136576
4385.96 11135807488
4387.97 11137613824
4389.99 11138387968
4392.01 11138895872
4394.03 11141218304
4396.05 11143024640
4398.07 11145334784
4400.09 11147141120
4402.10 11215007744
4404.12 11211390976
4406.14 11211649024
4408.15 11213451264
4410.18 11214741504
4412.19 11214991360
4414.20 11216277504
4416.23 11217567744
4418.24 11218599936
4420.25 11219890176
4422.28 11220144128
4424.29 11221176320
4426.31 11222466560
4428.33 11222982656
4430.35 11223240704
4432.36 11244654592
4434.38 11248009216
4436.40 11248267264
4438.41 11250073600
4440.43 11250331648
4442.44 11250573312
4444.45 11250831360
4446.47 11251089408
4448.48 11252637696
4450.51 11253153792
4452.52 11253927936
4454.53 11253927936
4456.56 11253927936
4458.57 11254960128
4460.58 11255476224
4462.59 11267854336
4464.61 11272757248
4466.62 11273015296
4468.64 11273015296
4470.65 11274305536
4472.67 11277164544
4474.68 11278196736
4476.69 11278196736
4478.70 11278454784
4480.71 11278712832
4482.74 11278970880
4484.75 11279224832
4486.77 11279740928
4488.78 11280257024
4490.79 11280515072
4492.81 11294449664
4494.83 11298574336
4496.85 11299090432
4498.87 11299606528
4500.88 11299860480
4502.89 11299860480
4504.90 11300110336
4506.93 11300110336
4508.94 11300110336
4510.95 11300368384
4512.97 11300626432
4514.99 11301654528
4517.01 11302170624
4519.03 11302428672
4521.04 11302944768
4523.05 11310428160
4525.08 11313745920
4527.09 11309801472
4529.10 11310522368
4531.13 11311038464
4533.14 11311550464
4535.15 11311804416
4537.18 11313840128
4539.19 11310997504
4541.21 11311255552
4543.23 11311493120
4545.25 11314536448
4547.27 11316314112
4549.29 11316744192
4551.30 11317260288
4553.31 11318136832
4555.32 11326586880
4557.33 11327361024
4559.34 11327877120
4561.35 11327877120
4563.38 11327877120
4565.39 11334115328
4567.41 11334631424
4569.43 11335147520
4571.45 11335405568
4573.46 11332173824
4575.47 11340361728
4577.50 11340615680
4579.51 11341389824
4581.52 11341389824
4583.53 11353505792
4585.56 11360153600
4587.57 11360641024
4589.60 11360894976
4591.61 11361153024
4593.63 11361669120
4595.64 11365912576
4597.65 11366686720
4599.67 11367202816
4601.68 11367460864
4603.69 11367714816
4605.72 11369373696
4607.73 11369586688
4609.76 11369844736
4611.77 11370618880
4613.78 11370770432
4615.81 11371028480
4617.83 11377221632
4619.84 11384696832
4621.84 12030009344
4623.84 12604895232
4625.85 13446426624
4627.85 13945094144
4629.85 13974269952
4631.85 13178499072
4633.86 13178585088
4635.86 13178830848
4637.86 13179604992
4639.86 13180116992
4641.86 13180375040
4643.87 13180633088
4645.87 13180633088
4647.87 13183963136
4649.87 13183959040
4651.87 13184180224
4653.88 13174562816
4655.88 13174820864
4657.88 13175058432
4659.88 13175566336
4661.88 13176082432
4663.89 13176340480
4665.89 13176340480
4667.89 13176545280
4669.89 13176545280
