4672.14 1421344768
4674.15 2924867584
4676.15 4151877632
4678.19 20159184896
4680.21 25072046080
4682.22 25079275520
4684.24 25099440128
4686.25 24906723328
4688.27 24987279360
4690.28 25236606976
4692.30 25574596608
4694.31 25906241536
4696.33 25897615360
4698.35 25874812928
4700.37 25476055040
4702.39 25485508608
4704.41 25513705472
4706.42 25538322432
4708.45 25153912832
4710.46 25159290880
4712.47 25169948672
4714.49 25180401664
4716.51 24887775232
4718.51 25283973120
4720.53 25448013824
4722.55 25366175744
4724.56 25329463296
4726.58 25329463296
4728.59 25344049152
4730.60 25270083584
4732.61 25143521280
4734.64 25153282048
4736.67 25011957760
4738.69 25698955264
4740.71 25401585664
4742.73 24844992512
4744.74 25097797632
4746.76 25451159552
4748.77 25638326272
4750.80 25412681728
4752.82 25375256576
4754.83 25368739840
4756.85 25391550464
4758.86 24804855808
4760.86 14723371008
4762.86 15181762560
4764.86 14956486656
4766.87 15577092096
4768.87 16570269696
4770.87 17042845696
4772.87 17822576640
4774.88 18190364672
4776.88 18986364928
4778.88 18991570944
4780.88 18994884608
4782.89 18997587968
4784.89 19002003456
4786.89 18963726336
4788.89 18485661696
4790.89 18485608448
4792.90 18486878208
4794.90 18489651200
4796.90 18491289600
4798.90 18491768832
4800.90 18492416000
4802.91 18495721472
4804.91 18498007040
4806.91 18494611456
