427.06 1400655872
429.07 1806254080
431.07 2639675392
433.09 5951258624
435.10 11470389248
437.11 17009643520
439.12 22092955648
441.13 24391131136
443.16 24422096896
445.17 24437579776
447.18 24449441792
449.19 24465440768
451.22 24473698304
453.23 24476786688
455.25 24480915456
457.26 24484261888
459.28 24489422848
461.29 24491487232
463.32 24491503616
465.33 24493051904
467.36 24495890432
469.37 24497434624
471.38 24499499008
473.39 24501821440
475.42 24606134272
477.43 24633982976
479.46 24638029824
481.47 24637276160
483.50 24639336448
485.51 24639852544
487.54 24640626688
489.55 24641138688
491.57 24646205440
493.60 24648237056
495.61 24645029888
497.64 24646021120
499.65 24647053312
501.66 24647569408
503.67 24648085504
505.70 24648343552
507.71 24649117696
509.73 24649359360
511.75 24650391552
513.77 24673869824
515.78 24697610240
517.80 24698900480
519.82 24701472768
521.83 24701988864
523.86 24703279104
525.87 24703795200
527.88 24704307200
529.91 24704565248
531.92 24705077248
533.93 24706109440
535.96 24706109440
537.97 24706367488
539.99 24706514944
542.00 24707538944
544.01 24708050944
546.03 24708308992
548.05 24709341184
550.06 24709775360
552.09 24733253632
554.10 24742543360
556.12 24743059456
558.13 24744091648
560.14 24746315776
562.17 24746569728
564.18 24746569728
566.19 24747085824
568.21 24747601920
570.23 24747855872
572.25 24749322240
574.26 24749838336
576.28 24750096384
578.30 24750866432
580.31 24751382528
582.34 24749637632
584.35 24750669824
586.38 24750927872
588.39 24751951872
590.41 24769748992
592.42 24776298496
594.44 24777068544
596.46 24777576448
598.48 24777576448
600.50 24777834496
602.51 24776065024
604.52 24776581120
606.55 24776581120
608.56 24779362304
610.57 24775118848
612.60 24778620928
614.61 24778620928
616.63 24778620928
618.65 24779386880
620.67 24779644928
622.68 24782819328
624.70 24783335424
626.72 24786432000
628.73 24797011968
630.76 24797261824
632.77 24795545600
634.78 24796061696
636.81 24797605888
638.82 24797605888
640.83 24797863936
642.84 24799219712
644.86 24799993856
646.88 24800251904
648.89 24800763904
650.91 24802054144
652.92 24802054144
654.95 24802566144
656.96 24802824192
658.99 24803340288
661.00 24803856384
663.02 24804114432
665.03 24811069440
667.05 24811585536
669.06 24812355584
671.07 24812613632
673.09 24815222784
675.10 24815222784
677.11 24815222784
679.14 24815988736
681.15 24816246784
683.17 24816500736
685.18 24816500736
687.19 24817270784
689.22 24817786880
691.23 24817782784
693.26 24818298880
695.27 24820105216
697.29 24820875264
699.30 24825262080
701.31 24828358656
703.33 24828608512
705.34 24829640704
707.37 24831188992
709.38 24832212992
711.41 24832471040
713.42 24832471040
715.43 24832983040
717.46 24832983040
719.47 24834015232
721.49 24834785280
723.50 24834785280
725.52 24834785280
727.54 24836063232
729.55 24836321280
731.57 24836579328
733.59 24834510848
735.61 24838115328
737.63 24845340672
739.65 24846114816
741.67 24846372864
743.69 24847147008
745.70 24847134720
747.73 24847908864
749.75 24848424960
751.76 24848932864
753.79 24850952192
755.80 24853266432
757.81 24854294528
759.83 24854294528
761.84 24855814144
763.86 24855814144
765.88 24855793664
767.89 24856309760
769.92 24856567808
771.93 24861954048
773.95 24865263616
775.98 24865771520
777.99 24867565568
780.00 24868052992
782.01 24868311040
784.03 24868311040
786.04 24868548608
788.06 24868548608
790.08 24869322752
792.09 24870096896
794.12 24870096896
796.13 24870092800
798.15 24870866944
800.17 24870866944
802.19 24871899136
804.21 24871890944
806.23 24872914944
808.25 24874205184
810.26 24874205184
812.29 24874721280
814.31 24874979328
816.32 24876249088
818.34 24876756992
820.36 24876756992
822.37 24877273088
824.40 24877531136
826.41 24884219904
828.43 24884432896
830.45 24884690944
832.48 24884944896
834.49 24885202944
836.50 24885710848
838.53 24885706752
840.54 24886222848
842.56 24891895808
844.58 24892411904
846.60 24892669952
848.62 24893440000
850.63 24893956096
852.66 24894472192
854.67 24894468096
856.68 24894468096
858.71 24894726144
860.72 24894722048
862.73 24895238144
864.75 24895496192
866.76 24896262144
868.77 24896520192
870.80 24897294336
872.81 24897286144
874.83 24899350528
876.85 24899350528
878.87 24900116480
880.88 24900374528
882.90 24900632576
884.92 24901144576
886.93 24901144576
888.96 24901144576
890.97 24901660672
892.99 24901660672
895.01 24902434816
897.03 24902950912
899.05 24902938624
901.07 24903712768
903.08 24903704576
905.09 24904220672
907.11 24905510912
909.11 25315205120
911.11 25334235136
913.11 25359937536
915.12 25374777344
917.12 25380605952
919.12 25377566720
921.12 25379753984
923.12 25381085184
925.13 25383591936
927.13 25384865792
929.13 25386713088
931.13 25388388352
933.14 25389080576
935.14 25390759936
937.14 25391951872
939.14 25394479104
941.15 25396064256
943.15 25396944896
945.15 25398566912
947.15 25400033280
949.15 25401430016
951.16 25402224640
953.16 25403072512
955.16 25405104128
957.16 25405394944
959.17 25009393664
961.17 25013297152
963.17 25013547008
965.17 25013514240
967.17 25013489664
969.18 25013465088
971.18 25013489664
973.18 25013399552
975.18 25013628928
977.18 25014063104
979.19 25014038528
981.19 25010769920
983.19 25010753536
985.19 25011191808
987.19 25011687424
989.20 25007583232
991.20 25009012736
993.20 25008947200
995.20 25008930816
997.20 17967616000
999.21 14875721728
1001.21 14880792576
1003.21 15385333760
1005.21 16460099584
1007.22 17576411136
1009.22 18692100096
1011.22 19186274304
1013.22 19188514816
1015.23 19190431744
1017.23 19193765888
1019.23 19195904000
1021.29 19162853376
1023.30 18787905536
1025.30 18788139008
1027.30 18791100416
1029.30 18785943552
1031.30 18788773888
1033.31 18789040128
1035.31 18788999168
1037.31 18789482496
1039.31 18788069376
1041.31 18788810752
1043.32 18788704256
1045.32 18789711872
1047.32 18790948864
1049.32 18785964032
1051.33 15999770624
