2847.17 1397616640
2849.18 1814466560
2851.18 2674094080
2853.19 24369074176
2855.20 24425058304
2857.21 24445960192
2859.23 24457826304
2861.25 24473042944
2863.27 24480268288
2865.29 24482332672
2867.30 24488525824
2869.31 24491364352
2871.34 24497291264
2873.35 24500903936
2875.36 24508903424
2877.38 24513032192
2879.39 24515866624
2881.41 24517931008
2883.43 24518963200
2885.45 24519987200
2887.46 24522825728
2889.47 24666271744
2891.49 24671944704
2893.51 24674779136
2895.53 24676585472
2897.55 24678387712
2899.56 24679673856
2901.57 24680706048
2903.60 24681222144
2905.62 24681996288
2907.63 24682762240
2909.64 24684568576
2911.65 24685850624
2913.68 24686108672
2915.69 24687132672
2917.71 24688422912
2919.72 24688680960
2921.74 24689971200
2923.76 24691261440
2925.77 24689500160
2927.80 24720420864
2929.81 24732549120
2931.83 24735100928
2933.84 24736391168
2935.85 24731693056
2937.88 24734003200
2939.89 24734519296
2941.90 24734515200
2943.91 24736579584
2945.93 24737353728
2947.95 24738611200
2949.97 24740675584
2951.99 24741965824
2954.02 24742219776
2956.03 24742993920
2958.06 24743243776
2960.07 24744534016
2962.08 24745566208
2964.10 24745824256
2966.11 24745816064
2968.14 24745811968
2970.15 24746586112
2972.17 24747360256
2974.19 24748130304
2976.21 24748130304
2978.22 24748896256
2980.23 24749154304
2982.26 24749928448
2984.27 24750178304
2986.29 24750436352
2988.31 24750952448
2990.33 24750960640
2992.34 24751964160
2994.36 24752222208
2996.38 24752222208
2998.40 24752467968
3000.42 24752984064
3002.43 24760463360
3004.46 24770527232
3006.47 24771301376
3008.50 24771293184
3010.51 24771551232
3012.52 24772067328
3014.55 24772575232
3016.56 24773607424
3018.57 24773865472
3020.59 24775127040
3022.60 24775385088
3024.62 24775380992
3026.64 24775380992
3028.65 24775639040
3030.68 24776409088
3032.69 24776409088
3034.70 24776663040
3036.73 24777437184
3038.74 24777687040
3040.75 24777687040
3042.78 24777945088
3044.79 24778203136
3046.81 24779751424
3048.83 24780267520
3050.85 24780251136
3052.86 24780509184
3054.88 24780775424
3056.90 24780775424
3058.91 24783355904
3060.92 24784384000
3062.93 24780017664
3064.95 24779948032
3066.97 24780464128
3068.99 24780980224
3071.01 24781750272
3073.03 24782524416
3075.05 24788709376
3077.07 24796708864
3079.10 24799031296
3081.11 24800055296
3083.12 24801087488
3085.15 24801603584
3087.16 24801861632
3089.17 24802119680
3091.19 24802115584
3093.20 24803405824
3095.21 24803405824
3097.24 24803921920
3099.25 24801579008
3101.28 24801820672
3103.29 24802594816
3105.31 24803368960
3107.32 24803885056
3109.33 24804401152
3111.36 24805163008
3113.37 24805675008
3115.39 24805941248
3117.40 24806973440
3119.41 24806973440
3121.44 24806969344
3123.45 24807227392
3125.46 24807485440
3127.49 24807485440
3129.50 24808775680
3131.51 24809017344
3133.54 24809275392
3135.56 24810049536
3137.58 24810303488
3139.60 24811593728
3141.62 24811589632
3143.63 24811606016
3145.66 24818057216
3147.67 24831729664
3149.70 24832761856
3151.71 24833011712
3153.73 24833011712
3155.75 24833269760
3157.78 24834297856
3159.79 24835588096
3161.80 24836104192
3163.83 24836354048
3165.85 24836354048
3167.87 24836866048
3169.89 24834215936
3171.90 24835571712
3173.91 24836079616
3175.94 24836337664
3177.95 24837111808
3179.98 24837627904
3181.99 24838860800
3184.02 24839626752
3186.03 24836182016
3188.05 24836182016
3190.06 24836440064
3192.07 24836431872
3194.09 24837206016
3196.10 24837464064
3198.13 24837980160
3200.14 24838496256
3202.17 24840552448
3204.18 24835088384
3206.20 24835321856
3208.21 24835579904
3210.24 24836096000
3212.25 24836354048
3214.28 24838152192
3216.29 24846663680
3218.31 24850272256
3220.32 24850272256
3222.33 24850272256
3224.35 24850780160
3226.37 24851038208
3228.39 24851812352
3230.41 24852557824
3232.43 24852557824
3234.44 24853319680
3236.45 24853835776
3238.47 24854093824
3240.49 24854347776
3242.51 24855629824
3244.52 24855887872
3246.54 24856145920
3248.56 24856653824
3250.57 24856911872
3252.60 24857686016
3254.61 24858456064
3256.63 24859230208
3258.65 24859488256
3260.67 24860004352
3262.68 24860004352
3264.70 24860250112
3266.72 24860246016
3268.73 24860762112
3270.76 24861020160
3272.77 24861011968
3274.78 24861528064
3276.79 24862044160
3278.81 24862044160
3280.83 24863592448
3282.84 24867713024
3284.86 24869257216
3286.88 24869257216
3288.90 24869257216
3290.92 24869769216
3292.94 24869769216
3294.96 24875704320
3296.98 24878792704
3298.99 24879308800
3300.99 25570766848
3303.00 25689956352
3305.00 25731604480
3307.00 26368708608
3309.00 27237793792
3311.01 28144345088
3313.01 29082398720
3315.01 30048931840
3317.01 30094381056
3319.01 30098341888
3321.02 30099451904
3323.02 30100697088
3325.02 30103064576
3327.02 30104084480
3329.03 30106591232
3331.03 30107979776
3333.03 30109315072
3335.03 30112002048
3337.04 30114959360
3339.04 30116974592
3341.04 30117806080
3343.04 30023798784
3345.04 30024974336
3347.05 30017110016
3349.05 30019399680
3351.05 30018412544
3353.05 30008893440
3355.06 29918687232
3357.06 29530664960
3359.06 29531832320
3361.06 29533061120
3363.06 29533548544
3365.07 29534728192
3367.07 29536186368
3369.07 29530087424
3371.07 29532725248
3373.08 29533118464
3375.18 29534519296
3377.19 29537390592
3379.19 29539311616
3381.19 29540876288
3383.19 29542035456
3385.19 29543968768
3387.20 29544599552
3389.20 29151977472
3391.20 29151977472
3393.20 29151715328
3395.21 29151973376
3397.21 29152223232
3399.21 29152223232
3401.21 29152223232
3403.21 29152223232
3405.22 29152223232
3407.22 29153542144
3409.22 29153800192
3411.22 29153800192
3413.22 29154058240
3415.23 29154058240
3417.23 29154058240
3419.23 29154045952
3421.23 29154045952
3423.23 2255941632
