2218.01 1402572800
2220.01 1815711744
2222.01 2671742976
2224.02 5887844352
2226.04 11324133376
2228.05 16836812800
2230.06 21950550016
2232.08 24376459264
2234.09 24403804160
2236.12 24422383616
2238.13 24436314112
2240.15 24445845504
2242.16 24450748416
2244.17 24456941568
2246.20 24459264000
2248.21 24464683008
2250.23 24474255360
2252.24 24476573696
2254.25 24479154176
2256.27 24483274752
2258.29 24485072896
2260.31 24486105088
2262.32 24489201664
2264.34 24490233856
2266.36 24578736128
2268.37 24606605312
2270.38 24608411648
2272.41 24610717696
2274.42 24611491840
2276.43 24612524032
2278.45 24613814272
2280.46 24614588416
2282.48 24615612416
2284.50 24616382464
2286.51 24616640512
2288.54 24617410560
2290.54 24618958848
2292.55 24619466752
2294.58 24621531136
2296.59 24622555136
2298.62 24623587328
2300.63 24624103424
2302.65 24625127424
2304.66 24651448320
2306.68 24680607744
2308.70 24681639936
2310.71 24681897984
2312.74 24684503040
2314.75 24686309376
2316.78 24687816704
2318.79 24682586112
2320.80 24683618304
2322.83 24684376064
2324.84 24685408256
2326.86 24686182400
2328.88 24687214592
2330.90 24688504832
2332.91 24689004544
2334.92 24689778688
2336.93 24691326976
2338.95 24691834880
2340.96 24692609024
2342.97 24705769472
2344.99 24718413824
2347.00 24718921728
2349.01 24719953920
2351.04 24720728064
2353.06 24721752064
2355.07 24721752064
2357.10 24722526208
2359.11 24723558400
2361.14 24723558400
2363.16 24726163456
2365.17 24727453696
2367.18 24728223744
2369.19 24728739840
2371.22 24729513984
2373.23 24730017792
2375.25 24730275840
2377.27 24732569600
2379.28 24734334976
2381.30 24743108608
2383.32 24749813760
2385.33 24750329856
2387.34 24750845952
2389.37 24753909760
2391.39 24756228096
2393.40 24758665216
2395.42 24758616064
2397.44 24758874112
2399.45 24758874112
2401.47 24759906304
2403.48 24759906304
2405.49 24759533568
2407.52 24759533568
2409.53 24760823808
2411.55 24761335808
2413.57 24761851904
2415.59 24760250368
2417.61 24760508416
2419.63 24773922816
2421.63 24774955008
2423.65 24775208960
2425.67 24777089024
2427.69 24778379264
2429.70 24779153408
2431.73 24779927552
2433.74 24779927552
2435.75 24780988416
2437.78 24782278656
2439.79 24783015936
2441.81 24778973184
2443.83 24779231232
2445.85 24783122432
2447.86 24783638528
2449.87 24783896576
2451.88 24783896576
2453.90 24785182720
2455.91 24792629248
2457.92 24794435584
2459.95 24794951680
2461.96 24795463680
2463.97 24795721728
2466.00 24795037696
2468.01 24795553792
2470.03 24798134272
2472.04 24798392320
2474.05 24799166464
2476.07 24798740480
2478.09 24799485952
2480.11 24801030144
2482.13 24801030144
2484.15 24801288192
2486.16 24804569088
2488.17 24805601280
2490.18 24806891520
2492.19 24811012096
2494.21 24811270144
2496.23 24812326912
2498.25 24812843008
2500.26 24813101056
2502.28 24813359104
2504.30 24813359104
2506.32 24816730112
2508.34 24816730112
2510.35 24817762304
2512.36 24816263168
2514.37 24816521216
2516.40 24814358528
2518.41 24814600192
2520.43 24815374336
2522.46 24815374336
2524.47 24816664576
2526.49 24820252672
2528.50 24825151488
2530.51 24825896960
2532.54 24825896960
2534.55 24826413056
2536.56 24826413056
2538.59 24828686336
2540.60 24829202432
2542.61 24829460480
2544.64 24829718528
2546.65 24829718528
2548.67 24828518400
2550.70 24828776448
2552.71 24829034496
2554.73 24829288448
2556.75 24829288448
2558.77 24827285504
2560.79 24828571648
2562.81 24832126976
2564.83 24835731456
2566.84 24836247552
2568.86 24838082560
2570.88 24838340608
2572.89 24838856704
2574.91 24838856704
2576.93 24839114752
2578.95 24841883648
2580.96 24842399744
2582.97 24842649600
2585.00 24842907648
2587.01 24842903552
2589.03 24845963264
2591.05 24846217216
2593.07 24847249408
2595.09 24847241216
2597.11 24847757312
2599.12 24847958016
2601.13 24847958016
2603.14 24847958016
2605.17 24848732160
2607.18 24848990208
2609.20 24850915328
2611.22 24851173376
2613.24 24851173376
2615.25 24851431424
2617.28 24851943424
2619.30 24855203840
2621.32 24855719936
2623.34 24856481792
2625.37 24858243072
2627.38 24858755072
2629.41 24862470144
2631.42 24860250112
2633.43 24859602944
2635.46 24861356032
2637.47 24862896128
2639.50 24861351936
2641.52 24864686080
2643.54 24867753984
2645.56 24870334464
2647.57 24871108608
2649.59 24870723584
2651.60 24871493632
2653.62 24867217408
2655.64 24869253120
2657.65 24871800832
2659.68 24870825984
2661.69 24867758080
2663.71 24872771584
2665.73 24869662720
2667.75 24877785088
2669.77 24887652352
2671.78 24892190720
2673.81 24886398976
2675.82 24893181952
2677.83 24891822080
2679.86 24888610816
2681.87 24889585664
2683.90 24893964288
2685.91 24894943232
2687.93 24896253952
2689.96 24901091328
2691.97 24896692224
2694.00 24888115200
2696.01 24890347520
2698.04 24892620800
2700.04 25294848000
2702.04 25323687936
2704.04 25347670016
2706.05 25367519232
2708.05 25362481152
2710.05 25373065216
2712.05 25366376448
2714.05 25368150016
2716.06 25366212608
2718.06 25370312704
2720.06 25372524544
2722.06 25372504064
2724.06 25365258240
2726.07 25376661504
2728.07 25375371264
2730.07 25370382336
2732.07 25375199232
2734.08 25378656256
2736.08 25374199808
2738.08 25381470208
2740.08 25377533952
2742.08 25381445632
2744.09 25381523456
2746.09 25385455616
2748.09 25386110976
2750.09 24993648640
2752.10 24992362496
2754.10 24990158848
2756.10 24989265920
2758.10 24987803648
2760.10 24987803648
2762.11 24991977472
2764.11 24992235520
2766.11 24992235520
2768.11 24992227328
2770.11 24992227328
2772.12 24992485376
2774.12 24992473088
2776.12 24992473088
2778.12 24992473088
2780.12 24992989184
2782.13 24992989184
2784.13 24989257728
2786.13 24990539776
2788.13 19597770752
2790.13 14869295104
2792.14 14874025984
2794.14 15324557312
2796.14 16449388544
2798.14 17585299456
2800.15 18747031552
2802.15 19160797184
2804.15 19150622720
2806.15 19153571840
2808.16 19152175104
2810.17 19150917632
2812.17 19057373184
2814.17 18779426816
2816.17 18782388224
2818.17 18778628096
2820.18 18778984448
2822.18 18779242496
2824.18 18778488832
2826.18 18778992640
2828.18 18779246592
2830.19 18779246592
2832.19 18779246592
2834.19 18780565504
2836.19 18780553216
2838.19 18781069312
2840.20 18782089216
2842.20 13672628224
