1056.46 1399037952
1058.46 1767800832
1060.46 2619236352
1062.48 24338358272
1064.50 24426344448
1066.52 24445440000
1068.54 24462471168
1070.56 24470728704
1072.57 24475627520
1074.58 24479997952
1076.59 24485933056
1078.62 24490573824
1080.63 24494702592
1082.65 24496508928
1084.67 24499859456
1086.69 24503472128
1088.70 24505794560
1090.72 24507850752
1092.74 24509652992
1094.75 24512483328
1096.78 24542388224
1098.79 24621088768
1100.82 24625475584
1102.83 24627535872
1104.85 24628822016
1106.86 24630886400
1108.89 24632176640
1110.91 24635269120
1112.92 24637075456
1114.93 24637849600
1116.94 24640942080
1118.96 24643522560
1120.98 24645070848
1123.00 24646361088
1125.02 24646610944
1127.04 24647385088
1129.05 24647901184
1131.07 24648417280
1133.08 24648933376
1135.09 24659247104
1137.12 24712142848
1139.13 24712916992
1141.14 24712916992
1143.17 24713691136
1145.18 24714194944
1147.19 24715485184
1149.22 24716001280
1151.23 24716517376
1153.25 24717807616
1155.27 24718802944
1157.29 24719548416
1159.30 24720322560
1161.31 24720572416
1163.32 24721080320
1165.35 24721854464
1167.37 24722370560
1169.39 24722886656
1171.41 24722886656
1173.42 24723140608
1175.45 24723644416
1177.46 24723902464
1179.49 24725938176
1181.50 24726933504
1183.51 24727191552
1185.53 24723312640
1187.54 24723562496
1189.56 24724336640
1191.58 24725110784
1193.59 24725368832
1195.60 24725626880
1197.62 24725876736
1199.63 24726134784
1201.64 24726642688
1203.67 24727674880
1205.68 24727674880
1207.69 24727924736
1209.72 24747794432
1211.73 24758882304
1213.74 24759398400
1215.75 24759906304
1217.77 24760422400
1219.79 24761196544
1221.81 24761970688
1223.82 24762486784
1225.83 24762744832
1227.86 24762994688
1229.87 24763252736
1231.88 24764026880
1233.89 24764538880
1235.91 24764538880
1237.93 24764796928
1239.95 24765829120
1241.96 24765829120
1243.97 24766087168
1245.99 24766603264
1248.00 24767107072
1250.01 24767365120
1252.04 24767623168
1254.05 24768139264
1256.06 24768393216
1258.09 24768389120
1260.10 24768647168
1262.13 24769675264
1264.15 24770707456
1266.16 24771223552
1268.18 24771477504
1270.20 24771993600
1272.21 24771985408
1274.24 24772501504
1276.25 24772759552
1278.26 24774303744
1280.27 24776110080
1282.30 24788754432
1284.31 24790302720
1286.34 24790818816
1288.35 24791072768
1290.37 24791588864
1292.39 24792879104
1294.41 24795688960
1296.42 24793976832
1298.44 24794226688
1300.46 24794484736
1302.47 24795000832
1304.48 24795512832
1306.51 24796286976
1308.52 24798855168
1310.53 24800821248
1312.55 24796966912
1314.56 24797589504
1316.59 24798363648
1318.61 24798363648
1320.62 24799387648
1322.64 24800161792
1324.65 24800161792
1326.68 24800419840
1328.69 24801452032
1330.71 24801705984
1332.72 24801964032
1334.75 24802738176
1336.76 24802738176
1338.77 24804257792
1340.78 24804245504
1342.81 24804245504
1344.83 24805015552
1346.83 24805789696
1348.85 24807079936
1350.87 24819208192
1352.88 24821014528
1354.90 24821788672
1356.91 24822046720
1358.93 24823848960
1360.94 24824098816
1362.97 24824098816
1364.99 24824098816
1367.00 24824356864
1369.01 24824614912
1371.03 24825122816
1373.06 24825896960
1375.07 24826155008
1377.10 24826146816
1379.11 24826662912
1381.13 24826920960
1383.14 24826920960
1385.17 24828211200
1387.18 24828985344
1389.19 24829501440
1391.21 24829497344
1393.23 24829497344
1395.25 24829751296
1397.26 24829751296
1399.29 24830525440
1401.30 24830775296
1403.31 24831291392
1405.34 24831807488
1407.35 24831803392
1409.37 24832319488
1411.38 24832835584
1413.39 24833351680
1415.41 24833351680
1417.43 24833863680
1419.45 24850882560
1421.46 24851656704
1423.47 24853979136
1425.48 24854228992
1427.50 24854487040
1429.51 24855261184
1431.53 24856543232
1433.54 24856801280
1435.57 24856801280
1437.58 24858079232
1439.61 24854888448
1441.62 24854958080
1443.63 24855474176
1445.66 24855990272
1447.67 24857276416
1449.69 24857788416
1451.70 24858046464
1453.72 24858304512
1455.74 24859328512
1457.77 24859844608
1459.78 24860102656
1461.79 24861130752
1463.81 24861388800
1465.81 24861646848
1467.83 24862158848
1469.84 24862674944
1471.86 24862932992
1473.88 24862924800
1475.89 24863440896
1477.92 24863440896
1479.93 24863440896
1481.94 24863690752
1483.95 24874270720
1485.98 24875560960
1487.99 24876077056
1490.01 24876077056
1492.03 24876851200
1494.05 24876834816
1496.06 24879415296
1498.08 24881221632
1500.10 24881479680
1502.10 25559871488
1504.10 25685647360
1506.11 25725018112
1508.11 26345848832
1510.14 27239251968
1512.15 28166676480
1514.15 29138919424
1516.15 30053658624
1518.15 30090915840
1520.19 30093971456
1522.20 30095818752
1524.20 30095917056
1526.20 30097010688
1528.20 30099099648
1530.20 30099943424
1532.21 30102855680
1534.21 30104797184
1536.21 30106755072
1538.21 30099619840
1540.22 30093008896
1542.22 30093996032
1544.22 30093754368
1546.22 30043160576
1548.22 30045294592
1550.23 30042001408
1552.23 30044610560
1554.23 29948882944
1556.23 29950210048
1558.24 29561696256
1560.24 29563400192
1562.24 29565296640
1564.24 29569458176
1566.24 29572829184
1568.25 29573791744
1570.25 29568405504
1572.25 29568299008
1574.25 29572444160
1576.26 29575311360
1578.26 29572182016
1580.26 29572403200
1582.26 29574213632
1584.26 29575655424
1586.29 29577879552
1588.29 29578616832
1590.30 29184036864
1592.32 29184036864
1594.32 29184290816
1596.32 29184290816
1598.33 29184540672
1600.33 29184798720
1602.33 29184798720
1604.33 29184798720
1606.49 29185040384
1608.49 29185298432
1610.49 29185298432
1612.49 29185556480
1614.50 29185552384
1616.54 29185540096
1618.54 29186052096
1620.55 29186052096
1622.55 29186052096
