1627.99 1403621376
1629.99 1826590720
1631.99 2675834880
1634.01 24360230912
1636.03 24416219136
1638.05 24436088832
1640.06 24452345856
1642.09 24463953920
1644.10 24471179264
1646.11 24476082176
1648.13 24480722944
1650.14 24485109760
1652.17 24491560960
1654.18 24494141440
1656.19 24496455680
1658.21 24497487872
1660.22 24499552256
1662.23 24501866496
1664.25 24503672832
1666.27 24504705024
1668.29 24568950784
1670.30 24619012096
1672.33 24622108672
1674.34 24622878720
1676.35 24623910912
1678.38 24624939008
1680.39 24626487296
1682.41 24626487296
1684.43 24628035584
1686.45 24629575680
1688.47 24632610816
1690.49 24632868864
1692.50 24634667008
1694.51 24629825536
1696.53 24630599680
1698.54 24631107584
1700.55 24632397824
1702.58 24632655872
1704.59 24632905728
1706.61 24662323200
1708.62 24689418240
1710.64 24689672192
1712.66 24690188288
1714.67 24691220480
1716.70 24692768768
1718.71 24692760576
1720.72 24693534720
1722.75 24693534720
1724.76 24694304768
1726.77 24695844864
1728.80 24696610816
1730.81 24697384960
1732.84 24697901056
1734.85 24698933248
1736.87 24698933248
1738.88 24699187200
1740.89 24699445248
1742.92 24699703296
1744.93 24726020096
1746.95 24728084480
1748.96 24728854528
1750.97 24729628672
1753.00 24729886720
1755.01 24730656768
1757.03 24730914816
1759.06 24733167616
1761.07 24733683712
1763.08 24734457856
1765.11 24734965760
1767.12 24735477760
1769.13 24735477760
1771.15 24736251904
1773.17 24737021952
1775.18 24737280000
1777.21 24738570240
1779.22 24738824192
1781.23 24749920256
1783.26 24751726592
1785.27 24751984640
1787.29 24752500736
1789.30 24752758784
1791.31 24753786880
1793.33 24754302976
1795.35 24755335168
1797.37 24756109312
1799.38 24756109312
1801.40 24756363264
1803.42 24757133312
1805.43 24757391360
1807.46 24757907456
1809.48 24758423552
1811.49 24757542912
1813.52 24758059008
1815.53 24754401280
1817.54 24776908800
1819.57 24779743232
1821.58 24780513280
1823.61 24780771328
1825.62 24781029376
1827.63 24781545472
1829.66 24782061568
1831.67 24783863808
1833.70 24785412096
1835.72 24783798272
1837.74 24786083840
1839.76 24786341888
1841.77 24786853888
1843.79 24787369984
1845.80 24787886080
1847.81 24788144128
1849.83 24788393984
1851.85 24788647936
1853.87 24797679616
1855.89 24802267136
1857.91 24804327424
1859.93 24799068160
1861.95 24799318016
1863.96 24800092160
1865.97 24800350208
1867.98 24801628160
1870.00 24802144256
1872.01 24803176448
1874.04 24803692544
1876.05 24804208640
1878.08 24804974592
1880.09 24805232640
1882.10 24805744640
1884.11 24806260736
1886.12 24806776832
1888.14 24807804928
1890.15 24821997568
1892.16 24822255616
1894.17 24822255616
1896.20 24822513664
1898.21 24823537664
1900.23 24824569856
1902.24 24824827904
1904.26 24824827904
1906.28 24824827904
1908.29 24825602048
1910.32 24826109952
1912.33 24826880000
1914.34 24827138048
1916.37 24827138048
1918.39 24827138048
1920.40 24827912192
1922.42 24827904000
1924.44 24832286720
1926.45 24832544768
1928.48 24832802816
1930.49 24832802816
1932.50 24833060864
1934.53 24833052672
1936.54 24835117056
1938.55 24835891200
1940.57 24831447040
1942.59 24831963136
1944.61 24831963136
1946.62 24832221184
1948.65 24832995328
1950.66 24833507328
1952.68 24834797568
1954.69 24835309568
1956.70 24835567616
1958.73 24849760256
1960.74 24860073984
1962.75 24860332032
1964.77 24860590080
1966.80 24861364224
1968.81 24861880320
1970.82 24861872128
1972.84 24862130176
1974.86 24862642176
1976.88 24862642176
1978.89 24863416320
1980.90 24863416320
1982.93 24863412224
1984.94 24863408128
1986.96 24863924224
1988.98 24863924224
1991.00 24863924224
1993.01 24867274752
1995.04 24871399424
1997.05 24871653376
1999.07 24872423424
2001.08 24872677376
2003.09 24872935424
2005.11 24873189376
2007.13 24873705472
2009.15 24873963520
2011.16 24874221568
2013.17 24874733568
2015.20 24875503616
2017.22 24875761664
2019.24 24876793856
2021.26 24877051904
2023.27 24877309952
2025.30 24877563904
2027.31 24879624192
2029.34 24879882240
2031.35 24880140288
2033.37 24880140288
2035.38 24880390144
2037.40 24880390144
2039.42 24881164288
2041.43 24881422336
2043.46 24881410048
2045.47 24881926144
2047.48 24881922048
2049.50 24882438144
2051.51 24882438144
2053.54 24882438144
2055.55 24882438144
2057.57 24882429952
2059.59 24884494336
2061.62 24887332864
2063.63 24887332864
2065.64 24889876480
2067.67 24890363904
2069.68 24891138048
2071.71 24891133952
2073.73 24891387904
2075.75 24891645952
2077.77 24892153856
2079.79 24892153856
2081.81 24892153856
2083.82 24892411904
2085.83 24892411904
2087.85 24892657664
2089.86 24892657664
2091.86 25594683392
2093.87 25706274816
2095.87 25742147584
2097.87 26420150272
2099.87 27321823232
2101.88 28235837440
2103.88 29220380672
2105.88 30083981312
2107.88 30116798464
2109.89 30119526400
2111.89 30122696704
2113.89 30126858240
2115.89 30127898624
2117.89 30130298880
2119.90 30131716096
2121.90 30134370304
2123.90 30136811520
2125.90 30139924480
2127.91 30131040256
2129.91 30132477952
2131.91 30132948992
2133.91 30134812672
2135.92 30135984128
2137.92 30137643008
2139.92 30139084800
2141.92 30026829824
2143.92 29914705920
2145.93 29527220224
2147.93 29528518656
2149.93 29529395200
2151.93 29530853376
2153.94 29531471872
2155.94 29532655616
2157.94 29533450240
2159.94 29528174592
2161.94 29529952256
2163.95 29530955776
2165.98 29533106176
2167.99 29534142464
2169.99 29535592448
2171.99 29536948224
2173.99 29538947072
2175.99 29540315136
2178.00 29541953536
2180.00 29543292928
2182.00 29146304512
2184.00 29146304512
2186.01 29146296320
2188.01 29146296320
2190.01 29147828224
2192.01 29147828224
2194.01 29143330816
2196.01 29143330816
2198.02 29143199744
2200.02 29143191552
2202.02 29143441408
2204.02 29143441408
2206.03 29143441408
2208.03 29143441408
2210.03 29140140032
2212.03 29140140032
2214.03 6184165376
