3426.85 1405353984
3428.85 1817239552
3430.85 2688139264
3432.87 24379113472
3434.89 24438763520
3436.91 24466374656
3438.92 24480825344
3440.93 24487276544
3442.94 24490881024
3444.97 24493977600
3446.98 24499384320
3448.99 24501964800
3451.01 24503771136
3453.02 24508928000
3455.03 24511766528
3457.06 24513830912
3459.08 24518991872
3461.09 24520798208
3463.10 24523632640
3465.11 24527245312
3467.14 24531337216
3469.15 24657227776
3471.18 24652779520
3473.19 24653549568
3475.21 24654835712
3477.22 24656900096
3479.24 24659468288
3481.26 24659222528
3483.28 24655740928
3485.30 24657027072
3487.31 24657801216
3489.32 24658055168
3491.33 24658313216
3493.36 24660635648
3495.37 24660893696
3497.39 24662441984
3499.41 24663728128
3501.43 24664502272
3503.44 24664760320
3505.45 24665018368
3507.48 24699850752
3509.49 24703205376
3511.50 24703463424
3513.51 24704753664
3515.52 24705527808
3517.55 24707334144
3519.56 24707584000
3521.57 24707842048
3523.59 24709132288
3525.60 24709386240
3527.62 24709902336
3529.64 24709898240
3531.65 24710406144
3533.67 24711696384
3535.70 24712470528
3537.71 24713502720
3539.72 24714276864
3541.75 24715309056
3543.76 24715825152
3545.77 24716599296
3547.79 24716599296
3549.82 24717115392
3551.83 24717373440
3553.84 24718147584
3555.85 24718663680
3557.88 24721244160
3559.89 24721752064
3561.92 24717910016
3563.93 24718426112
3565.95 24720232448
3567.96 24720490496
3569.97 24721006592
3571.99 24721002496
3574.00 24722288640
3576.02 24723062784
3578.03 24723312640
3580.04 24723570688
3582.07 24751173632
3584.09 24754270208
3586.11 24755302400
3588.12 24755302400
3590.13 24755560448
3592.15 24755814400
3594.16 24756072448
3596.18 24756072448
3598.20 24756842496
3600.21 24757100544
3602.24 24757608448
3604.25 24758124544
3606.27 24758640640
3608.28 24758640640
3610.29 24759156736
3612.32 24759152640
3614.33 24760442880
3616.36 24757592064
3618.37 24759373824
3620.39 24759889920
3622.40 24760655872
3624.41 24761688064
3626.43 24761688064
3628.45 24761946112
3630.47 24762462208
3632.50 24762978304
3634.51 24763236352
3636.52 24763752448
3638.54 24764268544
3640.55 24764268544
3642.58 24764780544
3644.59 24765292544
3646.61 24765808640
3648.63 24766066688
3650.65 24766582784
3652.67 24767873024
3654.69 24780775424
3656.70 24782323712
3658.71 24782839808
3660.74 24783097856
3662.75 24783872000
3664.76 24784637952
3666.79 24784896000
3668.80 24785154048
3670.81 24785145856
3672.83 24785145856
3674.84 24785657856
3676.85 24787464192
3678.88 24789012480
3680.89 24790044672
3682.92 24785248256
3684.93 24785248256
3686.95 24785764352
3688.97 24786796544
3690.99 24787308544
3693.01 24787824640
3695.03 24789237760
3697.04 24789753856
3699.05 24790528000
3701.06 24790786048
3703.09 24791302144
3705.10 24791552000
3707.11 24791552000
3709.13 24793354240
3711.15 24793354240
3713.16 24793870336
3715.17 24793866240
3717.19 24794374144
3719.21 24795664384
3721.23 24796180480
3723.25 24796954624
3725.27 24818106368
3727.29 24819396608
3729.30 24820428800
3731.31 24820428800
3733.34 24821194752
3735.35 24823455744
3737.38 24821805056
3739.39 24822837248
3741.41 24823095296
3743.42 24823353344
3745.44 24823353344
3747.46 24823009280
3749.47 24823783424
3751.49 24824299520
3753.51 24824295424
3755.53 24824295424
3757.55 24824295424
3759.57 24824295424
3761.58 24824295424
3763.60 24824295424
3765.62 24824295424
3767.64 24824541184
3769.65 24825057280
3771.67 24825315328
3773.69 24825831424
3775.71 24826343424
3777.72 24827367424
3779.73 24828141568
3781.76 24828141568
3783.77 24828657664
3785.79 24828649472
3787.82 24828907520
3789.83 24829939712
3791.84 24830197760
3793.85 24837419008
3795.87 24837935104
3797.88 24838963200
3799.90 24841285632
3801.92 24841543680
3803.93 24836943872
3805.96 24836935680
3807.97 24836935680
3810.00 24836935680
3812.01 24836935680
3814.02 24837709824
3816.04 24837709824
3818.06 24840028160
3820.08 24840286208
3822.10 24840282112
3824.11 24840540160
3826.11 24840540160
3828.13 24841052160
3830.14 24841052160
3832.15 24841568256
3834.18 24841826304
3836.19 24841822208
3838.20 24843100160
3840.23 24843612160
3842.24 24843612160
3844.25 24843870208
3846.28 24844382208
3848.29 24844382208
3850.30 24844636160
3852.33 24845668352
3854.34 24845926400
3856.37 24845926400
3858.39 24851079168
3860.40 24854691840
3862.42 24855207936
3864.43 24855982080
3866.46 24855977984
3868.47 24856236032
3870.49 24856489984
3872.50 24859844608
3874.52 24860876800
3876.54 24864739328
3878.54 14671048704
3880.54 14706008064
3882.55 15172653056
3884.55 16282251264
3886.55 17415327744
3888.55 18481057792
3890.56 19060838400
3892.56 19070828544
3894.56 19066232832
3896.56 19002249216
3898.63 18993946624
3900.63 18953576448
3902.64 18474172416
3904.64 18474946560
3906.64 18475716608
3908.69 18475704320
3910.69 18476220416
3912.69 18476736512
3914.69 18476736512
3916.70 18477252608
3918.70 18479546368
3920.70 18479792128
3922.70 3759095808
